9728365302 9727816932 1 4.655159089762612
9727816932 9728365296 1 17.20082510547996
9728365296 9728365294 1 24.83495128601011
9728365294 9728408232 0 38.40074704293738
9728408232 9728408230 0 46.60034551485285
9728408230 9728408232 1 54.79994398676833
9728408232 9728365294 1 68.3657397436956
9728365294 9728365296 0 75.99986592422574
9728365296 9727816932 0 88.54553193994309
9727816932 9728365302 0 93.20069102970569
9728365302 9727816918 1 97.90435693045973
9727816918 9727816913 1 103.4096724037629
9727816913 9740157027 1 113.1867560348406
9740157027 9728408221 0 126.562752704573
9728408221 9728365312 1 141.3466764032771
9728365312 9728365314 1 151.086716477326
9728365314 9728365316 1 158.8467030511057
9728365316 9728408220 1 175.6459541638211
9728408220 9727816914 0 186.4521319066976
9727816914 9728408222 0 196.4262142314926
9728408222 9728408225 1 207.1299295209666
9728408225 9728408226 1 212.5459137984822
9728408226 9728408228 1 223.8927471654601
9728408228 9728408230 1 231.718132004723
9728408230 9728408228 0 239.5435168439859
9728408228 9728408226 0 250.8903502109638
9728408226 9728408225 0 256.3063344884794
9728408225 9728408222 0 267.0100497779533
9728408222 9727816914 1 276.9841321027483
9727816914 9728408220 1 287.7903098456248
9728408220 9728365316 0 304.5895609583402
9728365316 9728365314 0 312.3495475321199
9728365314 9728365312 0 322.0895876061688
9728365312 9728408221 0 336.8735113048729
9728408221 9740157027 1 350.2495079746054
9740157027 9740157028 1 363.2273266269412
9740157028 9740157029 1 435.5557300887043
9740157029 9740157031 1 448.8986033596898
9740157031 9740157032 1 468.7254530508386
9740157032 9740157003 0 484.8681930139238
9740157003 9740157004 1 504.686172241563
9740157004 9740157075 1 522.8037731588835
9740157075 9740157076 1 542.6206312585391
9740157076 9740157075 0 562.4374893581949
9740157075 9740157077 1 602.677887043389
9740157077 9740157087 1 635.7954866730946
9740157087 9740157001 1 639.7895611706322
9740157001 9740157079 1 649.557051084236
9740157079 9740157002 1 659.5974051704851
9740157002 9740157134 1 670.1040757723914
9740157134 9740157078 1 696.7867423755367
9740157078 9740157076 1 736.8939774181273
9740157076 9740157003 1 755.2223752206322
9740157003 9740157032 1 771.3651151837173
9740157032 9740157031 0 791.1919648748661
9740157031 9740157029 0 804.5348381458516
9740157029 9740157024 0 815.3091024247202
9740157024 9740157029 1 826.0833667035888
9740157029 9740157054 1 845.5014183914692
9740157054 9740157055 1 861.6607246349297
9740157055 9740157031 1 864.556435421084
9740157031 9740157004 1 880.7213926837076
9740157004 9740157024 1 893.0995729701133
9740157024 9728365300 1 919.0657766863395
9728365300 9728365299 1 922.6944477435311
9728365299 9728365302 1 968.712484453595
