9728365302 9728365299 1 46.01803671006391
9728365299 9728365300 1 49.64670776725547
9728365300 9740157024 1 75.61291148348165
9740157024 9740157004 0 87.99109176988742
9740157004 9740157075 0 106.1086926872079
9740157075 9740157076 1 125.9255507868636
9740157076 9740157003 0 144.2539485893686
9740157003 9740157032 1 160.3966885524537
9740157032 9740157031 1 180.2235382436025
9740157031 9740157055 1 183.1192490297568
9740157055 9740157054 1 199.2785552732174
9740157054 9740157029 1 218.6966069610977
9740157029 9740157031 1 232.0394802320833
9740157031 9740157004 1 248.2044374947068
9740157004 9740157075 1 266.3220384120273
9740157075 9740157077 1 306.5624360972214
9740157077 9740157087 1 339.680035726927
9740157087 9740157001 1 343.6741102244646
9740157001 9740157079 1 353.4416001380684
9740157079 9740157002 1 363.4819542243175
9740157002 9740157134 1 373.9886248262238
9740157134 9740157078 1 400.6712914293691
9740157078 9740157076 1 440.7785264719597
9740157076 9740157003 1 459.1069242744647
9740157003 9740157004 1 478.9249035021039
9740157004 9740157024 1 491.3030837885097
9740157024 9740157029 1 502.0773480673783
9740157029 9740157028 1 574.4057515291413
9740157028 9740157027 1 587.3835701814771
9740157027 9727816913 1 597.1606538125548
9727816913 9727816918 1 602.665969285858
9727816918 9727816913 0 608.1712847591612
9727816913 9740157027 0 617.9483683902388
9740157027 9728408221 1 631.3243650599712
9728408221 9728365312 1 646.1082887586754
9728365312 9728365314 1 655.8483288327243
9728365314 9728365316 1 663.6083154065041
9728365316 9728408220 1 680.4075665192195
9728408220 9727816914 1 691.2137442620959
9727816914 9728408222 1 701.187826586891
9728408222 9728408225 1 711.891541876365
9728408225 9728408226 1 717.3075261538805
9728408226 9728408228 1 728.6543595208585
9728408228 9728408230 1 736.4797443601213
9728408230 9728408232 1 744.6793428320368
9728408232 9728365294 1 758.2451385889641
9728365294 9728365296 1 765.8792647694943
9728365296 9727816932 1 778.4249307852116
9727816932 9728365302 1 783.0800898749742
9728365302 9727816918 1 787.7837557757282
9727816918 9728365302 0 792.4874216764822