9728365302 9727816918 0 4.703665900754031
9727816918 9727816913 0 10.20898137405725
9727816913 9727816918 1 15.71429684736047
9727816918 9728365302 1 20.4179627481145
9728365302 9728365299 1 66.4359994581784
9728365299 9728365300 1 70.06467051536997
9728365300 9740157024 1 96.03087423159616
9740157024 9740157004 1 108.4090545180019
9740157004 9740157003 1 128.2270337456411
9740157003 9740157076 1 146.5554315481461
9740157076 9740157078 1 186.6626665907367
9740157078 9740157134 1 213.345333193882
9740157134 9740157002 1 223.8520037957883
9740157002 9740157079 1 233.8923578820374
9740157079 9740157001 1 243.6598477956412
9740157001 9740157087 1 247.6539222931788
9740157087 9740157077 1 280.7715219228845
9740157077 9740157075 1 321.0119196080785
9740157075 9740157004 1 339.129520525399
9740157004 9740157031 1 355.2944777880226
9740157031 9740157055 1 358.1901885741769
9740157055 9740157054 1 374.3494948176374
9740157054 9740157029 1 393.7675465055178
9740157029 9740157024 1 404.5418107843864
9740157024 9740157004 0 416.9199910707922
9740157004 9740157075 0 435.0375919881127
9740157075 9740157076 1 454.8544500877684
9740157076 9740157003 0 473.1828478902734
9740157003 9740157032 1 489.3255878533585
9740157032 9740157031 1 509.1524375445073
9740157031 9740157029 1 522.4953108154928
9740157029 9740157028 1 594.8237142772558
9740157028 9740157027 1 607.8015329295916
9740157027 9727816913 0 617.5786165606693
9727816913 9740157027 1 627.3557001917469
9740157027 9728408221 1 640.7316968614793
9728408221 9728365312 1 655.5156205601835
9728365312 9728365314 1 665.2556606342324
9728365314 9728365316 1 673.0156472080121
9728365316 9728408220 1 689.8148983207275
9728408220 9727816914 1 700.6210760636039
9727816914 9728408222 1 710.595158388399
9728408222 9728408225 1 721.298873677873
9728408225 9728408226 1 726.7148579553885
9728408226 9728408228 1 738.0616913223665
9728408228 9728408230 1 745.8870761616294
9728408230 9728408232 1 754.0866746335448
9728408232 9728365294 1 767.6524703904721
9728365294 9728365296 1 775.2865965710023
9728365296 9727816932 1 787.8322625867196
9727816932 9728365302 1 792.4874216764822