1 0 0 35.30711273484298 -80.73474867647029 10
2 0 0 35.30725227449234 -80.73493039613076 10
3 0 0 35.307308090284835 -80.73518252377781 10
4 0 0 35.30728510731621 -80.73536290233378 10
5 0 0 35.30721287508648 -80.73552383487444 10
6 0 0 35.307129698499665 -80.73551914100867 10
7 0 0 35.30701368890681 -80.73552383487444 10
8 0 0 35.30694911745759 -80.73539441828966 10
9 0 0 35.306911906768526 -80.73513089125434 10
10 0 0 35.306954589616296 -80.73494447772808 10
11 0 0 35.30701204726043 -80.7348378599199 10