9727816624 165.9468608393561 135.310017523843 35.3079845 -80.7337129 50
9727816913 65.99859533667481 29.54498004801991 35.3070312 -80.7348119 50
9727816914 0.01818894808221216 38.44286739252701 35.3071114 -80.7355374 50
9727816918 69.65457374732175 33.66108504200091 35.3070683 -80.7347717 50
9727816932 68.59961480251847 41.6935918213762 35.3071407 -80.7347833 50
9728365294 53.5573553725512 54.9738551027646 35.3072604 -80.7349487 50
9728365296 59.9143924594447 50.74680388281038 35.3072223 -80.7348788 50
9728365299 117.4642217677017 38.010177110314 35.3071075 -80.734246 50
9728365300 117.5369775565596 34.38223551259121 35.3070748 -80.7342452 50
9728365302 71.44618505763779 38.010177110314 35.3071075 -80.734752 50
9728365312 31.9216025398776 16.25362214495171 35.3069114 -80.73518660000001 50
9728365314 22.25417704085839 17.4407467656176 35.3069221 -80.7352929 50
9728365316 14.81489758993089 19.6485766676366 35.306942 -80.73537469999999 50
9728408220 0.03637789500740496 27.6367049574695 35.307014 -80.7355372 50
9728408221 46.6910277613384 16.90820487981691 35.3069173 -80.7350242 50
9728408222 0 48.4169331324325 35.3072013 -80.7355376 50
9728408225 8.839828395409199 54.45240783934955 35.3072557 -80.7354404 50
9728408226 13.88726127591821 56.41615604394522 35.3072734 -80.7353849 50
9728408228 24.75515729745641 59.67797509518 35.3073028 -80.7352654 50
9728408230 32.5673101696072 60.13285462286998 35.3073069 -80.7351795 50
9728408232 40.73414751489891 59.40060952989407 35.3073003 -80.7350897 50
9728408235 7.921286556016099 70.24005583351988 35.307398 -80.7354505 50
9740157001 156.1703016564717 129.4520567772128 35.3079317 -80.7338204 50
9740157002 175.9780652838218 129.3965836645791 35.3079312 -80.7336026 50
9740157003 175.6961365995388 33.7720312679742 35.3070693 -80.7336057 50
9740157004 155.879278499883 33.9828290982408 35.3070712 -80.73382359999999 50
9740157024 143.5016998499977 34.10486994659961 35.3070723 -80.7339597 50
9740157025 144.0473682693246 0 35.3067649 -80.7339537 50
9740157027 58.36833193724731 23.4318429822865 35.3069761 -80.7348958 50
9740157028 71.34614584723502 23.4207483599009 35.306976 -80.73475310000001 50
9740157029 143.6744948504154 23.3319913786989 35.3069752 -80.7339578 50
9740157031 155.8247116579503 17.8179639344911 35.3069255 -80.7338242 50
9740157032 175.6506642322257 17.62935535040721 35.3069238 -80.7336062 50
9740157034 181.1801042166663 15.2772953538466 35.3069026 -80.7335454 50
9740157036 185.9001360455792 10.7728785686065 35.306862 -80.73349349999999 50
9740157037 206.3445128280393 10.85054092742291 35.3068627 -80.7332687 50
9740157054 143.9837069539293 3.91640178610001 35.3068002 -80.7339544 50
9740157055 155.8156171844877 14.92226742974431 35.3068994 -80.73382429999999 50
9740157075 155.9338453418157 52.10034784278898 35.3072345 -80.733823 50
9740157076 175.7507034414714 52.10034784278898 35.3072345 -80.73360510000001 50
9740157077 156.0611679726063 92.34054409989318 35.3075972 -80.7338216 50
9740157078 175.8689315999565 92.20740862844303 35.307596 -80.7336038 50
9740157079 165.9377663658935 129.4298675331473 35.3079315 -80.73371299999999 50
9740157082 142.2375680120834 132.3477532826653 35.3079578 -80.7339736 50
9740157085 150.8864124613067 125.7020743311312 35.3078979 -80.7338785 50
9740157087 156.161207183009 125.4579926337078 35.3078957 -80.73382049999999 50
9740157134 175.9416873888144 118.8899760395786 35.3078365 -80.733603 50
9740157135 179.9068779029753 125.6576958401773 35.3078975 -80.7335594 50
