9727816629 179.2884863473951 167.3512872504555 35.3079 -80.7346103 50
9727816630 176.6965608841043 167.1404894221174 35.3078981 -80.7346388 50
9727816631 143.6745210166586 166.5857582922001 35.3078931 -80.7350019 50
9727816632 96.35596595555766 165.9644594260153 35.3078875 -80.73552220000001 50
9727816633 54.14850602124338 165.087984241353 35.3078796 -80.73598629999999 50
9727816634 32.04893100657396 165.0214165057911 35.307879 -80.73622930000001 50
9727816635 27.28342594240792 164.8439025445281 35.3078774 -80.73628170000001 50
9727816636 22.89988884018138 164.2891714146109 35.3078724 -80.7363299 50
9727816637 20.90819874747089 163.7677241524746 35.3078677 -80.73635179999999 50
9727816638 19.99875121590302 163.346128493681 35.3078639 -80.7363618 50
9727816639 19.78957828238126 162.9911005697435 35.3078607 -80.7363641 50
9727816640 19.75320038306234 161.9814899139575 35.3078516 -80.73636449999999 50
9727816641 19.64406667932048 150.343230810171 35.3077467 -80.73636569999999 50
9727816642 19.39851584416576 126.2124266619467 35.3075292 -80.7363684 50
9727816643 19.43489374695574 110.4469679519146 35.3073871 -80.736368 50
9727816644 19.5440274506976 96.39008112177362 35.3072604 -80.7363668 50
9727816645 19.26209871622396 75.15497347119511 35.307069 -80.7363699 50
9727816646 19.18934291295804 69.8961223596925 35.3070216 -80.73637069999999 50
9727816647 18.52544621538787 64.5596088909755 35.3069735 -80.736378 50
9727816648 17.57962078218704 59.644691081052 35.3069292 -80.7363884 50
9727816649 15.57883621320054 52.59960573244379 35.3068657 -80.7364104 50
9727816650 12.814115718021 46.87478047200841 35.3068141 -80.7364408 50
9727816651 9.203609017106494 41.1277659668562 35.3067623 -80.7364805 50
9727816658 19.47127164743168 106.2310113653905 35.3073491 -80.73636759999999 50
9727816795 23.48193526168068 0 35.3063916 -80.7363235 50
9727816796 23.91847007664813 0.943042920929912 35.3064001 -80.7363187 50
9727816797 25.38268060088728 2.374249236215206 35.306413 -80.7363026 50
9727816798 28.80220331967502 4.892728565912506 35.3064357 -80.736265 50
9727816799 35.08648576226518 9.297293736058009 35.3064754 -80.7361959 50
9727816800 50.26516506213123 19.91484756170021 35.3065711 -80.736029 50
9727816801 56.91322651757994 24.72991376898659 35.3066145 -80.73595589999999 50
9727816802 57.83176852426679 25.77280829255349 35.3066239 -80.7359458 50
9727816803 58.81397185794356 27.3038662111816 35.3066377 -80.735935 50
9727816804 59.42330170479981 28.75726177118369 35.3066508 -80.7359283 50
9727816805 59.5779077841366 30.03314336992281 35.3066623 -80.7359266 50
9727816806 59.55971883389863 36.92290400269039 35.3067244 -80.7359268 50
9727816807 59.45967960527575 103.7347212811157 35.3073266 -80.73592789999999 50
9727816808 59.52334093110865 106.7524586268211 35.3073538 -80.73592720000001 50
9727816809 59.70523043927345 108.571976733119 35.3073702 -80.7359252 50
9727816810 60.06900944981797 110.2694539906516 35.3073855 -80.73592120000001 50
9727816811 60.74200062482116 111.6673764374503 35.3073981 -80.73591380000001 50
9727816812 61.8969989880727 113.5756515240269 35.3074153 -80.73590110000001 50
9727816813 62.6973128170557 115.0068578386064 35.3074282 -80.7358923 50
9727816814 62.93376917593442 116.5490103802986 35.3074421 -80.7358897 50
9727816815 62.89739127314444 124.2819623299476 35.3075118 -80.73589010000001 50
9727816816 63.03380840455731 126.989050243972 35.3075362 -80.7358886 50
9727816817 63.48853216976273 129.4964349506051 35.3075588 -80.73588359999999 50
9727816818 64.57077473090534 132.181333619207 35.307583 -80.7358717 50
9727816819 65.94404050395464 134.244933421624 35.3076016 -80.73585660000001 50
9727816820 68.21765933345281 136.4083848280895 35.3076211 -80.7358316 50
9727816821 70.49127816063695 137.9727266144985 35.3076352 -80.7358066 50
9727816822 73.78347822544485 139.259702835596 35.3076468 -80.73577040000001 50
9727816823 77.01201696210583 139.6812984950953 35.3076506 -80.7357349 50
9727816824 96.81068972076309 139.7589608530155 35.3076513 -80.7355172 50
9727816825 98.29308919755425 139.83662321023 35.307652 -80.73550090000001 50
9727816826 100.0210395071861 140.3136919822271 35.3076563 -80.7354819 50
9727816827 102.0672964540816 141.3454918834356 35.3076656 -80.7354594 50
9727816828 104.7501666708762 142.7656035763625 35.3076784 -80.7354299 50
9727816829 106.3416998514092 143.5866056485271 35.3076858 -80.7354124 50
9727816830 107.6422098211926 143.9638228164756 35.3076892 -80.7353981 50
9727816831 110.1068126316605 144.1746206462252 35.3076911 -80.735371 50
9727816832 153.8512388934798 147.3476827091825 35.3077197 -80.73488999999999 50
9727816833 158.0256030621846 147.8469407258963 35.3077242 -80.7348441 50
9727816834 161.1722915216178 148.3683879880326 35.3077289 -80.7348095 50
9727816835 163.9097285925973 149.034065343651 35.3077349 -80.73477939999999 50
9727816836 165.9741744874167 149.7219319446919 35.3077411 -80.73475670000001 50
9727816837 168.2477933169149 150.9867189210727 35.3077525 -80.7347317 50
9727816838 171.0488917125703 153.2500219308809 35.3077729 -80.73470090000001 50
9727816839 174.1319188450136 156.2122861640885 35.3077996 -80.734667 50
9727816840 175.9235304804782 158.5088730416778 35.3078203 -80.73464730000001 50
9727816841 177.2513238767756 160.9164061449681 35.307842 -80.73463270000001 50
9727816842 178.3335664402323 163.6013048128642 35.3078662 -80.7346208 50
9727816843 178.9701797112884 165.664904615987 35.3078848 -80.73461380000001 50
9727816846 162.2363451336794 166.8964077245868 35.3078959 -80.7347978 50
9727816848 152.8326576593271 147.2700203505565 35.307719 -80.7349012 50
9727816861 88.96215752531091 139.7256769845289 35.307651 -80.7356035 50
9727816862 88.66203983944227 165.7980400878164 35.307886 -80.7356068 50
9727816863 19.31666556693787 79.54844401968801 35.3071086 -80.73636930000001 50
9727816869 59.48696303063271 79.8036203388712 35.3071109 -80.7359276 50
9727816877 22.6452435310647 1.830612728656291 35.3064081 -80.73633270000001 50
9727816878 20.53532525833634 5.83577148684239 35.3064442 -80.73635590000001 50
9727816879 18.19804510300526 10.26252590241049 35.3064841 -80.7363816 50
9727816880 15.40604118246876 15.56575550405231 35.3065319 -80.7364123 50
9727816881 14.09643673756641 17.7846800230156 35.3065519 -80.7364267 50
9727816882 12.54128145750933 19.81499595906311 35.3065702 -80.7364438 50
9727816883 10.59506374039376 21.5901355738103 35.3065862 -80.7364652 50
9727816884 8.539712319536328 22.95477415353369 35.3065985 -80.73648780000001 50
9727816885 6.184243212810269 24.45254820367509 35.306612 -80.7365137 50
9727816886 0 27.74765111469199 35.3066417 -80.7365817 50
9728408546 59.55062435877964 44.18988180340659 35.3067899 -80.7359269 50
