9727816869 9727816807 1 23.93111649491504
9727816807 9727816808 1 26.94952525650978
9727816808 9727816809 1 28.7781121241008
9727816809 9727816810 1 30.51413176925265
9727816810 9727816811 1 32.06561631280951
9727816811 9727816812 1 34.29620704738245
9727816812 9727816813 1 35.93597951323058
9727816813 9727816814 1 37.49615452633068
9727816814 9727816815 1 45.22919204126566
9727816815 9727816816 1 47.93971498121653
9727816816 9727816817 1 50.48799906461464
9727816817 9727816818 1 53.38280990848835
9727816818 9727816819 1 55.86158037546672
9727816819 9727816820 1 59.00002976489237
9727816820 9727816821 1 61.75983189476172
9727816821 9727816822 1 65.29464293078495
9727816822 9727816823 1 68.55059214326187
9727816823 9727816861 1 80.50081510899284
9727816861 9727816824 1 88.34941787884627
9727816824 9727816825 1 89.83385031264675
9727816825 9727816826 1 91.62644811633045
9727816826 9727816827 1 93.91812403775825
9727816827 9727816828 1 96.95366514611952
9727816828 9727816829 1 98.74448123584958
9727816829 9727816830 1 100.0985931120626
9727816830 9727816831 1 102.5721942800752
9727816831 9727816848 1 145.4100202363228
9727816848 9727816832 1 146.4315578873741
9727816832 9727816833 1 150.635671917728
9727816833 9727816834 1 153.8252730695838
9727816834 9727816835 1 156.6424858871317
9727816835 9727816836 1 158.8185137622896
9727816836 9727816837 1 161.4202494670589
9727816837 9727816838 1 165.0214565891709
9727816838 9727816839 1 169.2969759361885
9727816839 9727816840 1 172.2097381198636
9727816840 9727816841 1 174.9591473194353
9727816841 9727816842 1 177.8539581635195
9727816842 9727816843 1 180.0135230744063
9727816843 9727816629 1 181.7296831789497
9727816629 9727816630 1 184.3301664670497
9727816630 9727816846 1 198.7924420633694
9727816846 9727816631 1 217.3568655023307
9727816631 9727816632 1 264.6794992556581
9727816632 9727816862 1 272.3752249833832
9727816862 9727816633 1 306.8960621100384
9727816633 9727816634 1 328.9957373812368
9727816634 9727816635 1 333.7645474763271
9727816635 9727816636 1 338.1830454284706
9727816636 9727816637 1 340.2418646708011
9727816637 9727816638 1 341.2442806085179
9727816638 9727816639 1 341.6563463106741
9727816639 9727816640 1 342.6666121310577
9727816640 9727816641 1 354.3053829051627
9727816641 9727816642 1 378.4374363621855
9727816642 9727816643 1 394.2029370421366
9727816643 9727816658 1 398.4190505713361
9727816658 9727816644 1 408.2602497597807
9727816644 9727816863 1 425.1034214831982
9727816863 9727816645 1 429.4972308784351
9727816645 9727816646 1 434.7565852513463
9727816646 9727816647 1 440.1342366743044
9727816647 9727816648 1 445.1393343585052
9727816648 9727816649 1 452.4630196644607
9727816649 9727816650 1 458.820480138501
9727816650 9727816651 1 465.6075217885705
9727816651 9727816886 1 481.8474076378266
9727816886 9727816885 1 488.8547300443798
9727816885 9727816884 1 491.6460669674361
9727816884 9727816883 1 494.1131924033413
9727816883 9727816882 1 496.7473685656849
9727816882 9727816881 1 499.304845984013
9727816881 9727816880 1 501.8814114931674
9727816880 9727816879 1 507.8747019166344
9727816879 9727816878 1 512.8806017538521
9727816878 9727816877 1 517.4075269571074
9727816877 9727816795 1 519.4202852670888
9727816795 9727816796 1 520.4594640752805
9727816796 9727816797 1 522.5069659620208
9727816797 9727816798 1 526.7538323077418
9727816798 9727816799 1 534.4279707060447
9727816799 9727816800 1 552.9515976329883
9727816800 9727816801 1 561.1602262453678
9727816801 9727816802 1 562.5499558612767
9727816802 9727816803 1 564.368983551797
9727816803 9727816804 1 565.9449408850087
9727816804 9727816805 1 567.2301556117252
9727816805 9727816806 1 574.1199402538417
9727816806 9728408546 1 581.3869237453312
9728408546 9727816869 1 617.0007191796448