1701085372 15.78815396779651 74.11206979276936 35.3072818 -80.73539599999999 50
1701085376 157.2631096740187 51.12401461137345 35.3070746 -80.73384040000001 50
1701085385 118.5021003392583 52.68835620457343 35.3070887 -80.7342666 50
1701085389 74.11155914596897 55.67280931459918 35.3071156 -80.7347547 50
1701085399 54.27632654169096 75.52108668790127 35.3072945 -80.73497279999999 50
1701085437 7.148323167316407 64.47084394660834 35.3071949 -80.735491 50
1701781924 34.15916261453462 30.27722132655717 35.3068867 -80.73519400000001 50
1701781926 60.01499310271501 33.19510670924274 35.306913 -80.7349097 50
1701781927 0 18.8164775995293 35.3067834 -80.73556960000001 50
1701781934 70.25546624116801 48.25050771405184 35.3070487 -80.73479709999999 50
1701781947 178.8263084404754 75.21043729458808 35.3072917 -80.7336033 50
1701781952 178.7808356466121 50.8799329446947 35.3070724 -80.7336038 50
1701781956 165.1935648943961 153.1390567898412 35.3079941 -80.7337532 50
1701781957 74.32982855558737 87.63641306804857 35.3074037 -80.7347523 50
1701781965 157.6541757005492 75.25481577924629 35.3072921 -80.7338361 50
1701781973 10.85890313082907 84.75181154973883 35.3073777 -80.7354502 50
1701781979 158.536347898721 153.1390567898412 35.3079941 -80.7338264 50
1701781980 6.348001998329959 43.39106361680717 35.3070049 -80.7354998 50
1701781983 5.37488421358846 58.44646462020478 35.3071406 -80.7355105 50
1809128958 205.9553771510441 26.50505011014311 35.3068527 -80.733305 50
1809128961 200.0984813255125 26.50505011014311 35.3068527 -80.7333694 50
1809128967 214.4678841284754 27.03759192815881 35.3068575 -80.7332114 50
1809128970 187.6844086494168 27.21510586820312 35.3068591 -80.7335059 50
1809128983 178.7353628527487 35.61373413687694 35.3069348 -80.7336043 50
1809128986 181.1727045938731 50.84664908102461 35.3070721 -80.7335775 50
1809128990 153.379733094751 75.23262653727005 35.3072919 -80.7338831 50
1809128993 185.9928207248743 111.7228357512632 35.3076208 -80.7335245 50
1809128996 178.8990649088055 111.8004980995915 35.3076215 -80.7336025 50
1809129010 190.5037218573734 140.790743364709 35.3078828 -80.7334749 50
1809129012 190.5310055341543 142.3550849572032 35.3078969 -80.73347459999999 50
1809129015 178.9536322623671 142.3439903362151 35.3078968 -80.7336019 50
1809169687 149.796476951973 75.27700502122252 35.3072923 -80.73392250000001 50
1809169688 147.2136222718744 75.31028888489261 35.3072926 -80.7339509 50
1809169690 149.8237606299108 77.48483464584808 35.3073122 -80.73392219999999 50
1809169701 178.8899703514212 109.4262491573212 35.3076001 -80.7336026 50
1809169702 158.0361471685384 109.4595330202856 35.3076004 -80.7338319 50
1809169703 158.0725254038605 112.4883646149695 35.3076277 -80.73383149999999 50
1809169704 153.5252460348822 112.5438377220273 35.3076282 -80.7338815 50
1809169712 152.2338186930974 134.2782007042422 35.3078241 -80.73389570000001 50
1809169725 158.6909553973936 142.3883688208733 35.3078972 -80.7338247 50
1809169726 152.2520078113369 142.3994634425672 35.3078973 -80.7338955 50
1809169728 142.5390190810044 150.5872939075266 35.3079711 -80.7340023 50
1809185699 154.7530114634072 14.05688509329491 35.3067405 -80.733868 50
1809185703 151.9064145786698 14.07907433597688 35.3067407 -80.7338993 50
1809185705 157.2631096740187 35.78015345452166 35.3069363 -80.73384040000001 50
1809185707 152.0792111955819 35.8245319398856 35.3069367 -80.7338974 50
1813309817 152.2429132527957 136.8410582075449 35.3078472 -80.7338956 50
1813309818 147.9320924116754 136.8521528292387 35.3078473 -80.733943 50
1816672564 1.7097770427821 54.92946969286908 35.3071089 -80.7355508 50
1816672565 5.602248181748111 54.94056431315146 35.307109 -80.735508 50
1816672571 0.40016058507174 84.7296223063511 35.3073775 -80.7355652 50
1816672572 64.56227247169323 85.10683942841597 35.3073809 -80.7348597 50
1816672573 74.17522105691484 85.1290286703922 35.3073811 -80.734754 50
1825447274 4.620035839622371 9.918591375804127 35.3067032 -80.73551879999999 50
1825447275 31.48536234670931 11.08352660496303 35.3067137 -80.7352234 50
1825447928 2.582854681255661 0 35.3066138 -80.7355412 50
1825447930 2.45553085936395 10.01844296681439 35.3067041 -80.7355426 50
1825447932 2.428247183740162 12.181894106076 35.3067236 -80.7355429 50
1825447934 2.337301596013491 18.77209911557683 35.306783 -80.7355439 50
1825447936 31.74000999049275 19.40449252460281 35.3067887 -80.73522060000001 50
1825447938 43.07183017703771 31.28683185835373 35.3068958 -80.735096 50
