1701085385 1701085389 0 5.561344132434201
1701085389 1816672573 1 11.45260176243308
1816672573 1701781957 1 11.95503106079282
1701781957 1816672573 0 12.26904937226765
1816672573 1816672572 1 14.19164421117234
1816672572 1701085399 1 17.00367080619035
1701085399 1701085372 0 21.81791522491902
1701085372 1701781973 1 24.16313690713794
1701781973 1816672571 1 26.25489012394873
1816672571 1701781973 0 27.56223588445547
1701781973 1701085372 0 29.0279994358423
1701085372 1701085399 1 36.73079050580817
1701085399 1701085389 1 42.34288661030727
1701085389 1701781934 1 44.01572866549292
1701781934 1701781926 1 47.65733484691883
1701781926 1825447938 1 51.06739222375331
1825447938 1701781924 1 52.86132596283744
1701781924 1701781980 1 59.01090648327583
1701781980 1816672565 1 61.3256169627078
1816672565 1816672564 1 62.10411435276848
1816672564 1816672565 0 62.59067522155642
1816672565 1701781983 1 63.29332823228116
1701781983 1701085437 1 64.54932555697575
1701085437 1701085372 1 67.13853325105985
1701085372 1701085437 0 68.75678805986242
1701085437 1701781983 0 69.54178638779652
1701781983 1816672565 0 69.98094451949949
1816672565 1701781980 0 71.42763856914446
1701781980 1701781927 1 76.50388681875319
1701781927 1825447934 1 76.97143139205353
1825447934 1825447932 1 78.28959789393676
1825447932 1825447930 1 78.72232252836045
1825447930 1825447928 1 80.72617293031099
1825447928 1825447930 0 81.97857943153008
1825447930 1825447274 1 82.41194081189482
1825447274 1825447275 1 87.79005513727142
1825447275 1825447936 1 89.45502744044396
1825447936 1825447938 1 92.7389283937773
1825447938 1701781926 0 94.87021425429884
1701781926 1701781934 0 97.14621811769004
1701781934 1701085389 0 98.19174440218107
1701085389 1701085385 1 107.0898950140758
1701085385 1701085376 1 114.8484077820478
1701085376 1701781952 1 119.1522298364159
1701781952 1809128986 1 119.6306499395241
1809128986 1701781952 0 119.9296625039667
1701781952 1701781947 1 124.7957718726314
1701781947 1701781952 0 127.8370902280469
1701781952 1809128983 1 130.8903435343731
1809128983 1809128970 0 132.4244473926271
1809128970 1809128961 0 133.9787427493872
1809128961 1809128958 0 134.7108547275786
1809128958 1809128967 0 135.7769983024897
1809128967 1809128958 1 137.4828280223475
1809128958 1809128961 1 138.6542071874538
1809128961 1809128970 1 141.14107975827
1809128970 1809128983 1 143.5956459314764
1809128983 1809185705 1 147.8902255475076
1809185705 1809185707 0 148.5382366016752
1809185707 1809185703 0 151.2565046195102
1809185703 1809185699 0 151.6123400402696
1809185699 1809185703 1 152.1816767134846
1809185703 1809185707 1 156.5309055420205
1809185707 1809185705 1 157.5677232286888
1809185705 1701085376 1 160.6364954600592
1701085376 1701781965 1 165.4632894172963
1701781965 1701781947 1 169.6977252673569
1701781947 1809169701 1 176.5408994848231
1809169701 1809169702 1 180.7116694336861
1809169702 1809169701 0 183.3184006517255
1809169701 1809128996 1 183.7932539238358
1809128996 1809128993 1 185.212090109142
1809128993 1809128996 0 186.0988627249584
1809128996 1809129015 1 192.207570920984
1809129015 1809129012 1 194.523046638541
1809129012 1809129010 1 194.8359625388738
1809129010 1809129012 0 195.0315349765817
1809129012 1809129015 0 196.4787073000549
1809129015 1809169725 1 200.5312523926318
1809169725 1809169726 0 201.336122035674
1809169726 1813309817 0 202.0309236200728
1813309817 1809169712 0 202.3512828250398
1809169712 1813309817 1 202.8638575529869
1813309817 1813309818 0 203.402711942741
1813309818 1813309817 1 204.2648789663476
1813309817 1809169726 1 205.3765615013857
1809169726 1809169728 1 207.917291457902
1809169728 1809169726 0 209.5052476807247
1809169726 1809169725 1 210.7930391095922
1809169725 1701781979 0 212.1370140633485
1701781979 1701781956 0 212.9691661878079
1701781956 1701781979 1 214.300609586943
1701781979 1809169725 1 216.4509695129531
1809169725 1809169703 1 222.4322493330918
1809169703 1809169704 1 223.3417728770453
1809169704 1809169703 0 223.9102250920162
1809169703 1809169702 1 224.5160351020016
1809169702 1701781965 1 231.3574050927031
1701781965 1809128990 1 232.2123051325376
1809128990 1809169687 1 232.9290113215605
1809169687 1809169688 1 233.4456251469306
1809169688 1809169687 0 233.7685087877869
1809169687 1809169690 0 234.0445085627657
1809169690 1809169687 1 234.4861082027319
1809169687 1809128990 0 234.9340495708712
1809128990 1701085385 1 243.2399351743713
